2nd BIGGEST WAIT: Only 47 trips for stand 5 with waiting times
[1] 12369.08333 18736.21667  2174.93333  9863.15000  6615.90000 21423.35000  6747.05000    22.76667  9947.96667
[10] 48268.26667 16449.38333  2497.40000 10066.03333  9332.38333 11673.11667  3404.26667  4903.51667 15780.46667
[19] 10330.33333  3693.13333  3714.95000  6739.45000 41376.61667  5721.51667 12433.83333 14173.96667 38594.25000
[28] 37744.76667 24145.71667  3219.13333  2149.15000  1454.16667   636.40000 11465.75000 13220.76667   610.40000
[37]  2821.00000  1445.93333  1476.33333   619.11667  2250.66667 23829.66667 14696.41667  8639.06667 19821.21667
[46]   708.08333

BIGGEST WAIT: Only 6 trips on for stand 48 with waiting times
[1] 131729.85000  44438.50000  41954.35000  58849.78333     19.41667
